0.081909
-0.103914
0.098039
0.038255
-0.026932
0.092441
0.018571
0.067669
0.150153
0.000052
-0.073532
0.049558
-0.112435
0.014733
0.125160
0.016487
-0.099656
0.156007
0.015764
0.118839
0.146336
0.160482
-0.183620
0.056490
0.025115
-0.062158
0.046464
0.095675
-0.054895
0.093702
-0.006711
-0.347536
-0.103008
0.203832
-0.026543
0.151074
0.012991
0.223869
0.031537
-0.060547
-0.029530
-0.030358
-0.013357
-0.250615
-0.418230
0.131541
0.268690
0.282761
0.378485
0.116926
0.505772
0.323015
0.134870
-0.135233
-0.379821
-0.260133
0.179286
-0.088528
-0.218659
-0.159974
0.333842
-0.011255
0.277105
0.334635
-0.056796
-0.028303
0.165264
0.035487
0.389559
0.086655
-0.321602
-0.503191
0.222172
-0.140401
-0.032607
0.075284
-0.031482
-0.142233
0.088549
0.129576
0.106966
-0.130012
-0.230811
0.048792
0.032474
-0.282175
-0.028989
0.125338
0.205437
-0.309755
0.136108
0.015855
0.164633
-0.156856
0.212081
-0.301455
-0.124729
-0.141170
0.337368
0.091748
-0.118367
-0.030108
-0.037730
0.146198
0.289554
-0.282716
-0.180397
-0.465701
-0.091751
-0.369451
-0.034674
-0.466793
-0.272895
-0.247135
-0.173652
-0.065793
0.111856
-0.211314
0.240123
0.091150
0.071071
0.251537
-0.266578
-0.584718
-0.566549
-0.200942
0.378944
0.043666
-0.089826
0.023129
-0.068215
-0.531472
-0.131895
-0.516758
-0.257530
0.349094
0.709097
0.018215
0.125624
0.268425
-0.049556
0.028467
-0.067091
-0.279245
0.065697
0.014707
0.384257
-0.164712
0.185920
0.285268
0.089213
-0.004585
0.153187
-0.241960
0.279681
0.157856
0.049179
0.128533
-0.203441
-0.195002
0.143095
-0.266701
0.169191
0.327797
0.381473
-0.034343
-0.092026
-0.547332
-0.033604
-0.072152
-0.078963
0.341512
0.318739
0.250276
0.018850
0.188626
-0.245359
0.086310
-0.206040
0.301813
-0.732751
-0.102635
-0.218216
-0.094942
-0.393190
0.159409
0.255169
0.562674
0.200432
-0.110288
-0.415837
0.063678
-0.068910
0.013940
-0.117822
0.683378
0.444904
0.328049
0.102182
-0.235428
0.181807
-0.388549
-0.041019
-0.002100
-0.082399
0.467372
-0.233179
-0.083368
-0.254868
-0.213285
-0.151547
0.238418
0.131152
0.099703
-0.332985
0.085709
-0.284143
-0.317176
-0.236209
-0.026268
0.287165
0.417148
-0.247393
0.079409
-0.272514
0.006502
0.108350
-0.124094
0.209755
0.299987
-0.127698
0.150582
-0.008456
0.213081
0.185276
0.121903
0.151125
0.074851
0.561511
0.001736
0.101613
-0.001396
0.054847
-0.231344
-0.417780
-0.391646
-0.044539
-0.003246
-0.167075
-0.218880
-0.362796
-0.048748
0.092488
-0.133693
0.578837
0.234273
0.089807
0.150874
-0.436789
-0.245012
-0.279197
-0.020389
-0.231378
-0.295217
-0.419303
0.085336
-0.178742
0.595323
0.385372
0.011636
0.426206
-0.107353
0.558525
0.194321
0.093729
-0.038375
0.091379
0.150035
0.045313
0.065147
0.193122
-0.314841
0.010817
0.248663
-0.001274
0.122003
-0.032768
0.060364
0.326405
-0.034821
-0.152700
0.171461
-0.427318
-0.080269
0.128631
0.255314
0.323609
-0.199058
-0.349060
-0.222853
-0.068399
-0.347391
-0.306188
0.161954
-0.121503
-0.180514
-0.028070
0.238587
0.353955
-0.071157
0.075958
-0.140422
-0.110375
-0.057508
0.220609
0.175782
-0.015953
0.192228
0.154936
0.066325
0.145158
-0.129492
-0.064679
0.224155
0.053446
-0.254829
-0.022385
0.096615
-0.388333
-0.253165
0.412174
0.224356
-0.017244
0.063657
-0.238830
-0.070951
-0.147745
0.180184
-0.240647
-0.004601
-0.241744
-0.117543
0.223675
0.126472
0.273362
-0.076227
0.160897
0.109134
0.056567
-0.011366
-0.181832
-0.110409
0.169261
-0.102011
-0.002368
0.288468
0.295735
-0.081566
-0.004077
-0.120186
0.396486
0.058028
0.223592
-0.228375
-0.050718
0.178110
-0.151531
-0.176622
-0.047594
0.165625
0.511995
-0.079631
0.086720
0.294590
0.387583
0.139802
0.057828
0.012932
-0.040688
0.047485
0.189792
-0.041705
-0.275472
0.060298
-0.124225
-0.027499
0.239410
0.158983
-0.075408
-0.150031
-0.052903
0.353855
0.116640
-0.271987
0.236012
0.013727
0.031921
0.075757
0.002290
-0.284806
-0.219232
0.118913
0.025087
0.161687
0.154720
-0.197810
-0.065345
0.264223
0.253459
-0.184731
-0.180000
-0.234020
-0.090733
0.195744
0.186474
-0.410551
-0.058123
0.082705
0.084845
-0.174219
0.081548
-0.426898
0.314571
0.158105
-0.238478
-0.139534
0.035682
-0.265105
-0.062483
0.016281
-0.133966
-0.162629
-0.087235
0.186136
0.203403
