0.000000 0.000000 0.000000 0.629994 -0.133359 0.188850 0.000000 0.000000 0.000000 0.000000 0.000000 0.000000 0.000000 0.000000 0.000000 0.000000 0.000000 0.000000 0.352559 -0.471263 -0.411163 -0.693226 0.738621 -0.287298 0.000000 0.000000 0.000000 -0.050816 0.417998 0.529392
0.000000 0.000000 0.000000 -0.110353 -0.681479 -1.362827 0.000000 0.000000 0.000000 0.000000 0.000000 0.000000 0.000000 0.000000 0.000000 0.000000 0.000000 0.000000 0.128330 0.335201 0.734032 0.625825 -1.221888 0.256372 0.000000 0.000000 0.000000 -0.410595 -0.181160 -1.494622
0.000000 0.000000 0.000000 -0.519641 0.814838 1.173977 0.000000 0.000000 0.000000 0.000000 0.000000 0.000000 0.000000 0.000000 0.000000 0.000000 0.000000 0.000000 -0.480889 0.136062 -0.322869 0.067402 0.483267 0.030926 0.000000 0.000000 0.000000 0.461411 -0.236838 0.965231
0.629994 -0.110353 -0.519641 0.000000 0.000000 0.000000 0.806798 -0.197675 -0.634539 0.855637 -0.755834 -0.254869 0.000000 0.000000 0.000000 0.000000 0.000000 0.000000 0.000000 0.000000 0.000000 0.000000 0.000000 0.000000 0.249123 -0.191983 0.421991 -0.915802 -1.421789 0.519657
-0.133359 -0.681479 0.814838 0.000000 0.000000 0.000000 -0.218300 -0.672609 -0.243608 -0.431285 -0.316576 0.883097 0.000000 0.000000 0.000000 0.000000 0.000000 0.000000 0.000000 0.000000 0.000000 0.000000 0.000000 0.000000 -0.691804 0.559519 0.942370 1.241043 0.094775 -0.478920
0.188850 -1.362827 1.173977 0.000000 0.000000 0.000000 -0.588498 0.870284 0.878148 -0.424352 1.072410 -0.628228 0.000000 0.000000 0.000000 0.000000 0.000000 0.000000 0.000000 0.000000 0.000000 0.000000 0.000000 0.000000 0.442681 -0.367536 -1.364361 -0.325241 1.327015 -0.040737
0.000000 0.000000 0.000000 0.806798 -0.218300 -0.588498 0.000000 0.000000 0.000000 -0.939606 0.024245 0.091196 0.785808 -1.127473 -0.322705 0.000000 0.000000 0.000000 -0.752292 0.262129 0.515777 -0.190170 -0.232756 0.483858 0.000000 0.000000 0.000000 0.695120 -0.103665 0.434702
0.000000 0.000000 0.000000 -0.197675 -0.672609 0.870284 0.000000 0.000000 0.000000 1.012572 -0.492839 0.160291 -1.622425 0.912812 0.282948 0.000000 0.000000 0.000000 0.346660 -0.118317 0.209134 0.615823 0.991337 0.638685 0.000000 0.000000 0.000000 -0.310378 -0.242063 -0.546698
0.000000 0.000000 0.000000 -0.634539 -0.243608 0.878148 0.000000 0.000000 0.000000 -0.072966 0.468594 -0.251488 0.836617 0.214661 0.039757 0.000000 0.000000 0.000000 0.405632 -0.143812 -0.724911 -0.425653 -0.758581 -1.122543 0.000000 0.000000 0.000000 -0.384741 0.345728 0.111996
0.000000 0.000000 0.000000 0.855637 -0.431285 -0.424352 -0.939606 1.012572 -0.072966 0.000000 0.000000 0.000000 0.266646 1.327038 -0.774709 0.000000 0.000000 0.000000 -0.151385 0.499381 0.388565 -0.698823 0.593696 -0.329311 0.098906 -0.201555 0.839314 -0.308460 0.485616 0.047521
0.000000 0.000000 0.000000 -0.755834 -0.316576 1.072410 0.024245 -0.492839 0.468594 0.000000 0.000000 0.000000 0.045796 -1.168488 0.421224 0.000000 0.000000 0.000000 0.562371 0.264975 -0.439240 0.317899 -1.021666 -0.570944 0.038293 1.082264 -1.313611 -0.026106 0.123025 -0.294519
0.000000 0.000000 0.000000 -0.254869 0.883097 -0.628228 0.091196 0.160291 -0.251488 0.000000 0.000000 0.000000 -0.312442 -0.158550 0.353485 0.000000 0.000000 0.000000 -0.410986 -0.764355 0.050675 0.380924 0.427970 0.900255 -0.137200 -0.880709 0.474296 0.334565 -0.608641 0.246999
0.000000 0.000000 0.000000 0.000000 0.000000 0.000000 0.785808 -1.622425 0.836617 0.266646 0.045796 -0.312442 0.000000 0.000000 0.000000 0.377515 0.072425 -0.601326 0.886622 -0.808415 1.017637 0.000000 0.000000 0.000000 1.855416 -1.092925 -0.072902 0.366224 -0.433708 0.213501
0.000000 0.000000 0.000000 0.000000 0.000000 0.000000 -1.127473 0.912812 0.214661 1.327038 -1.168488 -0.158550 0.000000 0.000000 0.000000 0.058756 0.705441 0.590546 -0.930188 -0.044505 -0.041363 0.000000 0.000000 0.000000 -1.008299 0.944987 -0.348107 -0.041791 0.349921 0.203098
0.000000 0.000000 0.000000 0.000000 0.000000 0.000000 -0.322705 0.282948 0.039757 -0.774709 0.421224 0.353485 0.000000 0.000000 0.000000 -0.436271 -0.777866 0.010781 0.043566 0.852920 -0.976274 0.000000 0.000000 0.000000 -0.847117 0.147938 0.421009 -0.324434 0.083787 -0.416599
0.000000 0.000000 0.000000 0.000000 0.000000 0.000000 0.000000 0.000000 0.000000 0.000000 0.000000 0.000000 0.377515 0.058756 -0.436271 0.000000 0.000000 0.000000 0.199181 -0.249865 -0.487463 1.091056 0.082862 0.023896 0.000000 0.000000 0.000000 -0.288289 0.851648 -0.480740
0.000000 0.000000 0.000000 0.000000 0.000000 0.000000 0.000000 0.000000 0.000000 0.000000 0.000000 0.000000 0.072425 0.705441 -0.777866 0.000000 0.000000 0.000000 -0.717631 1.045656 1.075796 -0.830965 0.081765 -0.980041 0.000000 0.000000 0.000000 0.186142 -0.187704 -0.550250
0.000000 0.000000 0.000000 0.000000 0.000000 0.000000 0.000000 0.000000 0.000000 0.000000 0.000000 0.000000 -0.601326 0.590546 0.010781 0.000000 0.000000 0.000000 0.518450 -0.795791 -0.588333 -0.260091 -0.164627 0.956145 0.000000 0.000000 0.000000 0.102147 -0.663944 1.030990
0.352559 0.128330 -0.480889 0.000000 0.000000 0.000000 -0.752292 0.346660 0.405632 -0.151385 0.562371 -0.410986 0.886622 -0.930188 0.043566 0.199181 -0.717631 0.518450 0.000000 0.000000 0.000000 -0.553826 -0.136659 0.329216 0.000000 0.000000 0.000000 0.000000 0.000000 0.000000
-0.471263 0.335201 0.136062 0.000000 0.000000 0.000000 0.262129 -0.118317 -0.143812 0.499381 0.264975 -0.764355 -0.808415 -0.044505 0.852920 -0.249865 1.045656 -0.795791 0.000000 0.000000 0.000000 -0.303709 0.092303 -0.490574 0.000000 0.000000 0.000000 0.000000 0.000000 0.000000
-0.411163 0.734032 -0.322869 0.000000 0.000000 0.000000 0.515777 0.209134 -0.724911 0.388565 -0.439240 0.050675 1.017637 -0.041363 -0.976274 -0.487463 1.075796 -0.588333 0.000000 0.000000 0.000000 0.857536 0.044356 0.161358 0.000000 0.000000 0.000000 0.000000 0.000000 0.000000
-0.693226 0.625825 0.067402 0.000000 0.000000 0.000000 -0.190170 0.615823 -0.425653 -0.698823 0.317899 0.380924 0.000000 0.000000 0.000000 1.091056 -0.830965 -0.260091 -0.553826 -0.303709 0.857536 0.000000 0.000000 0.000000 1.019728 0.100431 0.773989 0.000000 0.000000 0.000000
0.738621 -1.221888 0.483267 0.000000 0.000000 0.000000 -0.232756 0.991337 -0.758581 0.593696 -1.021666 0.427970 0.000000 0.000000 0.000000 0.082862 0.081765 -0.164627 -0.136659 0.092303 0.044356 0.000000 0.000000 0.000000 -0.854746 0.263355 -0.865179 0.000000 0.000000 0.000000
-0.287298 0.256372 0.030926 0.000000 0.000000 0.000000 0.483858 0.638685 -1.122543 -0.329311 -0.570944 0.900255 0.000000 0.000000 0.000000 0.023896 -0.980041 0.956145 0.329216 -0.490574 0.161358 0.000000 0.000000 0.000000 -0.164981 -0.363786 0.091190 0.000000 0.000000 0.000000
0.000000 0.000000 0.000000 0.249123 -0.691804 0.442681 0.000000 0.000000 0.000000 0.098906 0.038293 -0.137200 1.855416 -1.008299 -0.847117 0.000000 0.000000 0.000000 0.000000 0.000000 0.000000 1.019728 -0.854746 -0.164981 0.000000 0.000000 0.000000 -0.189465 -0.229094 -0.662768
0.000000 0.000000 0.000000 -0.191983 0.559519 -0.367536 0.000000 0.000000 0.000000 -0.201555 1.082264 -0.880709 -1.092925 0.944987 0.147938 0.000000 0.000000 0.000000 0.000000 0.000000 0.000000 0.100431 0.263355 -0.363786 0.000000 0.000000 0.000000 0.589034 -0.117285 0.893613
0.000000 0.000000 0.000000 0.421991 0.942370 -1.364361 0.000000 0.000000 0.000000 0.839314 -1.313611 0.474296 -0.072902 -0.348107 0.421009 0.000000 0.000000 0.000000 0.000000 0.000000 0.000000 0.773989 -0.865179 0.091190 0.000000 0.000000 0.000000 -0.399569 0.346379 -0.230845
-0.050816 -0.410595 0.461411 -0.915802 1.241043 -0.325241 0.695120 -0.310378 -0.384741 -0.308460 -0.026106 0.334565 0.366224 -0.041791 -0.324434 -0.288289 0.186142 0.102147 0.000000 0.000000 0.000000 0.000000 0.000000 0.000000 -0.189465 0.589034 -0.399569 0.000000 0.000000 0.000000
0.417998 -0.181160 -0.236838 -1.421789 0.094775 1.327015 -0.103665 -0.242063 0.345728 0.485616 0.123025 -0.608641 -0.433708 0.349921 0.083787 0.851648 -0.187704 -0.663944 0.000000 0.000000 0.000000 0.000000 0.000000 0.000000 -0.229094 -0.117285 0.346379 0.000000 0.000000 0.000000
0.529392 -1.494622 0.965231 0.519657 -0.478920 -0.040737 0.434702 -0.546698 0.111996 0.047521 -0.294519 0.246999 0.213501 0.203098 -0.416599 -0.480740 -0.550250 1.030990 0.000000 0.000000 0.000000 0.000000 0.000000 0.000000 -0.662768 0.893613 -0.230845 0.000000 0.000000 0.000000
