0.000000
0.000000
0.000000
0.000000
0.000000
0.000000
0.000000
0.000000
0.000000
0.000000
0.000000
0.000000
0.000000
0.000000
0.000000
0.000000
0.000000
0.000000
0.000000
0.000000
0.000000
0.000000
0.000000
0.000000
0.000000
0.000000
0.000000
0.000000
0.000000
0.000000
-0.352642
-0.207373
-0.085727
0.415022
-0.166326
-0.009780
0.105083
0.257115
0.073828
-0.057666
0.064810
-0.142541
-0.087198
-0.154869
-0.306108
0.256703
0.138615
0.289210
0.206960
0.222581
0.605960
0.288557
0.004234
-0.044157
-0.324356
-0.238673
0.031632
-0.132574
-0.357450
-0.035477
0.328480
0.185140
-0.074507
0.223117
0.068445
0.145024
0.308037
-0.159525
0.402923
0.110279
-0.352230
-0.321576
-0.156388
0.072255
0.002400
-0.249936
0.086410
0.235799
0.162313
0.192825
-0.196567
-0.040503
-0.222948
-0.099749
0.213741
-0.348494
-0.233943
0.332082
0.246641
-0.571156
-0.338133
0.091680
0.550679
-0.092171
0.014593
-0.070752
-0.243703
-0.107589
0.333764
0.240464
-0.005399
-0.393158
-0.007514
0.238816
0.223842
-0.363238
-0.152250
-0.330692
0.223951
-0.299550
-0.255818
-0.415747
0.029846
-0.516601
-0.148515
0.085695
0.155073
-0.099618
-0.025485
0.300234
0.251160
-0.058027
-0.265263
-0.861398
-0.415630
0.027438
0.456939
0.161632
0.077466
-0.340380
0.028401
-0.334321
-0.051672
-0.660372
-0.108327
0.370144
0.905381
-0.122749
0.153820
0.094538
-0.143039
-0.015587
-0.095070
-0.182778
0.013774
0.205004
0.394078
-0.236775
0.139139
0.319812
-0.103549
0.130736
-0.001145
-0.076026
0.238030
0.004278
0.119548
0.012770
-0.173579
-0.026104
-0.147110
-0.197420
0.120304
0.265419
0.462030
-0.083078
-0.273737
-0.243941
-0.224033
-0.090377
-0.033246
0.321290
0.393055
0.007446
0.239192
-0.019128
-0.269736
0.294003
-0.220889
0.427390
-0.879376
0.189632
-0.311633
0.080817
-0.484991
0.069162
0.165000
0.537575
0.233087
-0.230425
-0.443887
0.209932
-0.104397
-0.297876
0.250762
0.576410
0.466292
0.179479
0.176275
-0.182028
-0.166037
-0.400407
0.115017
0.141507
0.097894
0.362465
-0.197700
-0.034930
-0.464662
-0.148901
0.076184
-0.083853
0.202935
0.109781
0.007334
-0.077639
-0.350203
-0.384587
-0.035194
0.176341
0.120546
0.184258
-0.364293
0.094960
-0.030679
-0.094665
0.105682
-0.055934
-0.072633
0.244254
-0.047783
0.394465
-0.008339
0.111922
0.054846
0.126901
0.051363
0.324022
0.789107
-0.346242
-0.109682
-0.122065
0.225810
-0.186813
-0.374427
-0.323831
-0.019280
-0.259905
-0.057123
0.044876
-0.346953
-0.229265
-0.048232
0.046739
0.893053
0.117733
0.140634
0.188986
-0.410302
-0.177310
-0.160675
-0.054124
-0.075881
-0.554885
-0.191294
0.048944
-0.385611
0.176657
0.492246
-0.004520
0.374273
-0.252131
0.666478
0.185191
0.055039
0.004899
0.092417
-0.229918
0.222799
-0.116110
0.387471
-0.199236
0.030649
0.127777
-0.053857
-0.321409
0.136949
0.325037
0.488503
-0.099127
-0.338870
0.089186
-0.105383
-0.196217
0.188341
0.223977
0.277061
-0.017305
-0.608999
0.098087
-0.225742
-0.317252
-0.254441
0.517278
0.073888
-0.471069
-0.284204
0.033032
0.836853
0.013498
0.161218
-0.343805
-0.131252
-0.440545
0.482623
0.096579
0.158281
-0.012516
-0.077291
0.051353
0.267864
-0.121236
-0.003770
0.208111
0.298187
-0.279571
-0.347810
0.167077
-0.501281
-0.423357
0.198846
0.443104
0.278504
0.151892
-0.337518
-0.004388
0.033679
0.057116
-0.458070
0.035618
0.054746
-0.107589
-0.082921
-0.208530
0.604451
0.041117
0.305233
0.137250
-0.118284
0.205740
-0.321431
-0.186916
-0.147966
0.141238
-0.278184
0.504816
-0.017004
-0.212191
-0.102291
-0.225973
0.670501
-0.192638
0.464249
-0.321648
-0.042004
0.047170
-0.007296
-0.166914
-0.229669
0.236763
0.302688
-0.001813
0.438380
0.032590
0.297167
0.119885
-0.010159
-0.010923
-0.316232
0.135623
0.284361
0.226558
-0.537985
-0.113948
-0.100064
0.004203
0.180665
-0.068880
0.139805
0.041873
-0.051623
0.199694
0.026169
-0.175356
-0.085313
0.273442
0.124070
0.171855
-0.200141
0.011708
-0.279199
-0.150940
-0.231187
0.177479
0.276787
-0.002535
0.035284
-0.075067
0.146791
0.022357
-0.199041
-0.118574
-0.086229
0.296044
0.175210
-0.531358
0.097173
-0.083611
0.300232
-0.219960
0.033949
-0.358025
0.279629
0.208025
-0.305113
0.010246
0.119930
-0.331668
-0.033100
-0.067962
-0.276811
-0.050438
0.020850
0.395892
-0.169225
