0.000000 0.000000 0.000000 0.000000 0.590574 -0.309042 0.300444 -0.581976 -0.032641 0.129843 0.045551 -0.142753 0.240661 0.038477 0.140362 -0.419500 0.472469 -0.064877 0.099001 -0.506593 -0.807326 0.206692 0.273359 0.327275 0.717759 -0.459911 0.014470 -0.272319 0.484707 0.464652 0.048999 -0.998358 -0.280743 -0.626383 -0.110019 1.017145 0.389052 0.380226 -0.122483 -0.646794
0.000000 0.000000 0.000000 0.000000 -0.161166 -0.138531 -0.396169 0.695866 -0.510359 -0.067274 -0.283171 0.860805 -0.161531 -0.373349 -0.008912 0.543791 0.021035 0.095650 -0.200590 0.083906 -0.212651 -0.113701 -0.257139 0.583491 0.056107 -0.127054 -0.515514 0.586461 -0.286913 0.016427 0.230559 0.039928 0.360310 -0.390486 0.127232 -0.097056 -0.275370 -0.183048 -0.098522 0.556940
0.000000 0.000000 0.000000 0.000000 0.470627 0.599533 0.372763 -1.442922 -0.338602 0.333447 -0.127496 0.132651 0.065862 0.308840 0.112693 -0.487396 0.003320 0.564742 0.040133 -0.608195 0.595505 -0.426199 -0.401763 0.232457 -0.370974 0.614627 -0.130798 -0.112855 0.608088 0.468180 0.590574 -1.666842 -0.272343 0.604016 -0.084750 -0.246922 0.299547 -0.049018 0.194189 -0.444718
0.000000 0.000000 0.000000 0.000000 -0.900034 -0.151959 -0.277038 1.329032 0.881602 -0.396015 0.365117 -0.850703 -0.144993 0.026031 -0.244143 0.363104 -0.496824 -0.595515 0.061456 1.030883 0.424472 0.333207 0.385543 -1.143223 -0.402892 -0.027662 0.631842 -0.201287 -0.805882 -0.949259 -0.870131 2.625272 0.192776 0.412853 0.067538 -0.673167 -0.413229 -0.148159 0.026816 0.534572
0.000000 0.000000 0.000000 0.000000 0.000000 0.000000 0.000000 0.000000 0.375688 0.100226 0.291201 -0.767115 0.270954 -0.205872 -0.327056 0.261975 -0.254060 -0.218055 -0.144052 0.616167 -0.111943 -0.434798 -0.203530 0.750270 0.197716 -0.506615 -0.349237 0.658136 -0.233870 0.487944 -0.408837 0.154764 -0.012422 -0.369384 0.165475 0.216331 0.244062 0.260415 0.684075 -1.188552
0.000000 0.000000 0.000000 0.000000 0.000000 0.000000 0.000000 0.000000 0.088520 -0.031038 0.287824 -0.345306 0.248659 -0.147495 -0.298660 0.197496 -0.005382 0.119898 0.714456 -0.828972 -0.302296 -0.109409 -0.146602 0.558307 -0.487243 0.020005 0.049492 0.417746 -0.188888 -0.075237 -0.450328 0.714453 -0.171668 0.131567 -0.365617 0.405718 0.472598 -0.654587 0.134795 0.047194
0.000000 0.000000 0.000000 0.000000 0.000000 0.000000 0.000000 0.000000 -0.257208 -0.463724 0.164775 0.556157 0.044890 -0.100981 0.218684 -0.162593 -0.229454 -0.437458 -0.500569 1.167481 -0.375950 -0.160269 -0.188571 0.724791 -0.612305 0.059697 0.165669 0.386940 -0.098311 0.030801 0.126190 -0.058679 0.618514 0.123358 -0.206310 -0.535562 0.156135 -0.036715 -0.642159 0.522739
0.000000 0.000000 0.000000 0.000000 0.000000 0.000000 0.000000 0.000000 -0.207000 0.394536 -0.743800 0.556264 -0.564502 0.454348 0.407033 -0.296878 0.488897 0.535615 -0.069835 -0.954676 0.790189 0.704476 0.538703 -2.033369 0.901833 0.426913 0.134076 -1.462822 0.521069 -0.443507 0.732975 -0.810537 -0.434424 0.114459 0.406452 -0.086487 -0.872794 0.430887 -0.176711 0.618618
0.000000 0.000000 0.000000 0.000000 0.000000 0.000000 0.000000 0.000000 0.000000 0.000000 0.000000 0.000000 0.244524 -0.374376 -0.840904 0.970756 -0.555261 0.142598 -0.216303 0.628967 0.337892 -0.143373 -0.217513 0.022994 -0.139432 -0.088656 -0.115326 0.343414 0.182945 0.110570 -0.241644 -0.051871 0.431503 -0.218023 -0.206273 -0.007207 -0.582830 -0.151149 -0.151680 0.885659
0.000000 0.000000 0.000000 0.000000 0.000000 0.000000 0.000000 0.000000 0.000000 0.000000 0.000000 0.000000 0.266147 -0.078886 0.015652 -0.202913 0.203434 -0.496675 -0.065429 0.358670 -0.536988 0.122469 -0.713272 1.127791 0.012216 -0.523899 -0.311646 0.823329 0.521186 0.051933 0.179393 -0.752512 -0.111765 -0.511174 -0.092287 0.715226 0.271299 0.360848 0.463773 -1.095920
0.000000 0.000000 0.000000 0.000000 0.000000 0.000000 0.000000 0.000000 0.000000 0.000000 0.000000 0.000000 -0.097751 -0.073829 0.547935 -0.376355 0.117265 0.044924 0.480665 -0.642854 0.293935 0.184116 -0.662372 0.184321 -0.041143 0.029711 0.298217 -0.286785 -0.180032 0.085351 -0.147630 0.242311 0.274790 0.087555 -0.307090 -0.055255 0.259808 0.001674 0.253161 -0.514643
0.000000 0.000000 0.000000 0.000000 0.000000 0.000000 0.000000 0.000000 0.000000 0.000000 0.000000 0.000000 -0.412921 0.527090 0.277318 -0.391487 0.234562 0.309153 -0.198933 -0.344782 -0.094839 -0.163211 1.593157 -1.335106 0.168359 0.582845 0.128755 -0.879959 -0.524098 -0.247855 0.209880 0.562073 -0.594528 0.641642 0.605651 -0.652765 0.051722 -0.211373 -0.565253 0.724904
0.000000 0.000000 0.000000 0.000000 0.000000 0.000000 0.000000 0.000000 0.000000 0.000000 0.000000 0.000000 0.000000 0.000000 0.000000 0.000000 -0.208253 -0.162615 -0.321933 0.692801 0.121031 -0.010828 0.346695 -0.456898 -0.109874 -0.183813 -0.516284 0.809971 -0.372882 0.411548 0.283106 -0.321771 -0.421282 -0.622534 -0.208728 1.252544 0.157700 0.331398 0.089897 -0.578995
0.000000 0.000000 0.000000 0.000000 0.000000 0.000000 0.000000 0.000000 0.000000 0.000000 0.000000 0.000000 0.000000 0.000000 0.000000 0.000000 -0.082740 -0.057631 -0.064162 0.204532 0.067508 -0.382185 -0.076533 0.391210 -0.121636 -0.140353 0.340956 -0.078967 0.373585 -0.199826 0.051839 -0.225598 0.298035 -0.084621 -0.214411 0.000997 -0.747617 0.006430 -0.426251 1.167439
0.000000 0.000000 0.000000 0.000000 0.000000 0.000000 0.000000 0.000000 0.000000 0.000000 0.000000 0.000000 0.000000 0.000000 0.000000 0.000000 -0.254761 -0.353641 -0.041443 0.649846 -0.617215 -0.208676 -0.360437 1.186328 -0.175288 -0.148829 -0.068605 0.392722 -0.124084 -0.963275 0.171810 0.915549 -0.069425 -0.342802 0.111243 0.300985 -0.148637 -0.068537 -0.294141 0.511315
0.000000 0.000000 0.000000 0.000000 0.000000 0.000000 0.000000 0.000000 0.000000 0.000000 0.000000 0.000000 0.000000 0.000000 0.000000 0.000000 0.545754 0.573887 0.427538 -1.547179 0.428676 0.601689 0.090275 -1.120640 0.406797 0.472995 0.243934 -1.123726 0.123382 0.751553 -0.506755 -0.368180 0.192673 1.049957 0.311896 -1.554526 0.738555 -0.269292 0.630496 -1.099759
0.000000 0.000000 0.000000 0.000000 0.000000 0.000000 0.000000 0.000000 0.000000 0.000000 0.000000 0.000000 0.000000 0.000000 0.000000 0.000000 0.000000 0.000000 0.000000 0.000000 -0.294959 -0.399417 0.143090 0.551286 -0.141722 -0.205339 -0.007407 0.354468 -0.633789 0.119179 -0.172569 0.687179 -0.615285 -0.288647 0.069415 0.834518 -0.296932 0.321610 0.449987 -0.474665
0.000000 0.000000 0.000000 0.000000 0.000000 0.000000 0.000000 0.000000 0.000000 0.000000 0.000000 0.000000 0.000000 0.000000 0.000000 0.000000 0.000000 0.000000 0.000000 0.000000 -0.456930 -0.382807 -0.249399 1.089137 0.074257 0.674246 0.296130 -1.044633 0.400053 0.066881 -0.222916 -0.244018 -0.220198 -0.091832 0.419882 -0.107852 -0.253976 -0.146836 0.323119 0.077694
0.000000 0.000000 0.000000 0.000000 0.000000 0.000000 0.000000 0.000000 0.000000 0.000000 0.000000 0.000000 0.000000 0.000000 0.000000 0.000000 0.000000 0.000000 0.000000 0.000000 -0.372399 -0.360562 0.554975 0.177985 -0.242136 0.175755 0.003273 0.063108 -0.576881 0.096008 0.244348 0.236525 0.141732 0.536380 -0.004698 -0.673413 0.212053 -0.223733 0.012575 -0.000895
0.000000 0.000000 0.000000 0.000000 0.000000 0.000000 0.000000 0.000000 0.000000 0.000000 0.000000 0.000000 0.000000 0.000000 0.000000 0.000000 0.000000 0.000000 0.000000 0.000000 1.124288 1.142786 -0.448666 -1.818408 0.309602 -0.644663 -0.291996 0.627057 0.810617 -0.282068 0.151137 -0.679686 0.693751 -0.155901 -0.484598 -0.053252 0.338855 0.048959 -0.785681 0.397867
0.000000 0.000000 0.000000 0.000000 0.000000 0.000000 0.000000 0.000000 0.000000 0.000000 0.000000 0.000000 0.000000 0.000000 0.000000 0.000000 0.000000 0.000000 0.000000 0.000000 0.000000 0.000000 0.000000 0.000000 -0.211152 0.103395 0.104366 0.003391 0.433545 -0.161227 0.102733 -0.375051 0.009677 -0.022023 0.016309 -0.003964 -0.268263 -0.102986 0.148764 0.222484
0.000000 0.000000 0.000000 0.000000 0.000000 0.000000 0.000000 0.000000 0.000000 0.000000 0.000000 0.000000 0.000000 0.000000 0.000000 0.000000 0.000000 0.000000 0.000000 0.000000 0.000000 0.000000 0.000000 0.000000 0.071908 -0.321521 -0.036295 0.285908 -0.433472 0.273743 0.341961 -0.182232 -0.076318 -0.277708 0.221164 0.132862 -0.070353 -0.271614 0.016113 0.325855
0.000000 0.000000 0.000000 0.000000 0.000000 0.000000 0.000000 0.000000 0.000000 0.000000 0.000000 0.000000 0.000000 0.000000 0.000000 0.000000 0.000000 0.000000 0.000000 0.000000 0.000000 0.000000 0.000000 0.000000 -0.269340 0.576396 -0.164938 -0.142117 0.303798 0.420287 -0.258514 -0.465570 0.325853 -0.647421 -0.387892 0.709459 -0.017504 -0.083464 0.111570 -0.010602
0.000000 0.000000 0.000000 0.000000 0.000000 0.000000 0.000000 0.000000 0.000000 0.000000 0.000000 0.000000 0.000000 0.000000 0.000000 0.000000 0.000000 0.000000 0.000000 0.000000 0.000000 0.000000 0.000000 0.000000 0.408584 -0.358269 0.096867 -0.147182 -0.303870 -0.532803 -0.186180 1.022854 -0.259213 0.947151 0.150419 -0.838358 0.356120 0.458064 -0.276448 -0.537737
0.000000 0.000000 0.000000 0.000000 0.000000 0.000000 0.000000 0.000000 0.000000 0.000000 0.000000 0.000000 0.000000 0.000000 0.000000 0.000000 0.000000 0.000000 0.000000 0.000000 0.000000 0.000000 0.000000 0.000000 0.000000 0.000000 0.000000 0.000000 0.438058 -0.095848 0.139467 -0.481677 -0.252800 0.076144 0.091428 0.085228 -0.062739 0.029786 -0.362906 0.395859
0.000000 0.000000 0.000000 0.000000 0.000000 0.000000 0.000000 0.000000 0.000000 0.000000 0.000000 0.000000 0.000000 0.000000 0.000000 0.000000 0.000000 0.000000 0.000000 0.000000 0.000000 0.000000 0.000000 0.000000 0.000000 0.000000 0.000000 0.000000 0.353323 -0.164091 -0.238342 0.049110 -0.065442 -0.214433 0.238433 0.041441 0.311585 0.242521 0.127321 -0.681427
0.000000 0.000000 0.000000 0.000000 0.000000 0.000000 0.000000 0.000000 0.000000 0.000000 0.000000 0.000000 0.000000 0.000000 0.000000 0.000000 0.000000 0.000000 0.000000 0.000000 0.000000 0.000000 0.000000 0.000000 0.000000 0.000000 0.000000 0.000000 0.089908 0.131361 -0.326183 0.104914 -0.019492 -0.453071 0.027680 0.444883 0.191986 -0.331461 -0.272039 0.411514
0.000000 0.000000 0.000000 0.000000 0.000000 0.000000 0.000000 0.000000 0.000000 0.000000 0.000000 0.000000 0.000000 0.000000 0.000000 0.000000 0.000000 0.000000 0.000000 0.000000 0.000000 0.000000 0.000000 0.000000 0.000000 0.000000 0.000000 0.000000 -0.881289 0.128578 0.425059 0.327653 0.337733 0.591360 -0.357541 -0.571552 -0.440831 0.059153 0.507624 -0.125946
0.000000 0.000000 0.000000 0.000000 0.000000 0.000000 0.000000 0.000000 0.000000 0.000000 0.000000 0.000000 0.000000 0.000000 0.000000 0.000000 0.000000 0.000000 0.000000 0.000000 0.000000 0.000000 0.000000 0.000000 0.000000 0.000000 0.000000 0.000000 0.000000 0.000000 0.000000 0.000000 0.065361 0.167930 0.075624 -0.308916 0.017447 0.094545 0.521303 -0.633294
0.000000 0.000000 0.000000 0.000000 0.000000 0.000000 0.000000 0.000000 0.000000 0.000000 0.000000 0.000000 0.000000 0.000000 0.000000 0.000000 0.000000 0.000000 0.000000 0.000000 0.000000 0.000000 0.000000 0.000000 0.000000 0.000000 0.000000 0.000000 0.000000 0.000000 0.000000 0.000000 -0.054854 -0.161286 0.440353 -0.224213 0.005942 -0.187769 -0.636212 0.818039
0.000000 0.000000 0.000000 0.000000 0.000000 0.000000 0.000000 0.000000 0.000000 0.000000 0.000000 0.000000 0.000000 0.000000 0.000000 0.000000 0.000000 0.000000 0.000000 0.000000 0.000000 0.000000 0.000000 0.000000 0.000000 0.000000 0.000000 0.000000 0.000000 0.000000 0.000000 0.000000 -0.246083 0.549216 -0.457448 0.154315 0.303755 0.071417 -0.173767 -0.201405
0.000000 0.000000 0.000000 0.000000 0.000000 0.000000 0.000000 0.000000 0.000000 0.000000 0.000000 0.000000 0.000000 0.000000 0.000000 0.000000 0.000000 0.000000 0.000000 0.000000 0.000000 0.000000 0.000000 0.000000 0.000000 0.000000 0.000000 0.000000 0.000000 0.000000 0.000000 0.000000 0.235576 -0.555861 -0.058529 0.378815 -0.327144 0.021807 0.288676 0.016661
0.000000 0.000000 0.000000 0.000000 0.000000 0.000000 0.000000 0.000000 0.000000 0.000000 0.000000 0.000000 0.000000 0.000000 0.000000 0.000000 0.000000 0.000000 0.000000 0.000000 0.000000 0.000000 0.000000 0.000000 0.000000 0.000000 0.000000 0.000000 0.000000 0.000000 0.000000 0.000000 0.000000 0.000000 0.000000 0.000000 -0.257282 -0.164958 -0.023122 0.445362
0.000000 0.000000 0.000000 0.000000 0.000000 0.000000 0.000000 0.000000 0.000000 0.000000 0.000000 0.000000 0.000000 0.000000 0.000000 0.000000 0.000000 0.000000 0.000000 0.000000 0.000000 0.000000 0.000000 0.000000 0.000000 0.000000 0.000000 0.000000 0.000000 0.000000 0.000000 0.000000 0.000000 0.000000 0.000000 0.000000 -0.130372 -0.127585 -0.578706 0.836663
0.000000 0.000000 0.000000 0.000000 0.000000 0.000000 0.000000 0.000000 0.000000 0.000000 0.000000 0.000000 0.000000 0.000000 0.000000 0.000000 0.000000 0.000000 0.000000 0.000000 0.000000 0.000000 0.000000 0.000000 0.000000 0.000000 0.000000 0.000000 0.000000 0.000000 0.000000 0.000000 0.000000 0.000000 0.000000 0.000000 0.041714 -0.626310 0.243107 0.341489
0.000000 0.000000 0.000000 0.000000 0.000000 0.000000 0.000000 0.000000 0.000000 0.000000 0.000000 0.000000 0.000000 0.000000 0.000000 0.000000 0.000000 0.000000 0.000000 0.000000 0.000000 0.000000 0.000000 0.000000 0.000000 0.000000 0.000000 0.000000 0.000000 0.000000 0.000000 0.000000 0.000000 0.000000 0.000000 0.000000 0.345939 0.918852 0.358722 -1.623513
0.000000 0.000000 0.000000 0.000000 0.000000 0.000000 0.000000 0.000000 0.000000 0.000000 0.000000 0.000000 0.000000 0.000000 0.000000 0.000000 0.000000 0.000000 0.000000 0.000000 0.000000 0.000000 0.000000 0.000000 0.000000 0.000000 0.000000 0.000000 0.000000 0.000000 0.000000 0.000000 0.000000 0.000000 0.000000 0.000000 0.000000 0.000000 0.000000 0.000000
0.000000 0.000000 0.000000 0.000000 0.000000 0.000000 0.000000 0.000000 0.000000 0.000000 0.000000 0.000000 0.000000 0.000000 0.000000 0.000000 0.000000 0.000000 0.000000 0.000000 0.000000 0.000000 0.000000 0.000000 0.000000 0.000000 0.000000 0.000000 0.000000 0.000000 0.000000 0.000000 0.000000 0.000000 0.000000 0.000000 0.000000 0.000000 0.000000 0.000000
0.000000 0.000000 0.000000 0.000000 0.000000 0.000000 0.000000 0.000000 0.000000 0.000000 0.000000 0.000000 0.000000 0.000000 0.000000 0.000000 0.000000 0.000000 0.000000 0.000000 0.000000 0.000000 0.000000 0.000000 0.000000 0.000000 0.000000 0.000000 0.000000 0.000000 0.000000 0.000000 0.000000 0.000000 0.000000 0.000000 0.000000 0.000000 0.000000 0.000000
0.000000 0.000000 0.000000 0.000000 0.000000 0.000000 0.000000 0.000000 0.000000 0.000000 0.000000 0.000000 0.000000 0.000000 0.000000 0.000000 0.000000 0.000000 0.000000 0.000000 0.000000 0.000000 0.000000 0.000000 0.000000 0.000000 0.000000 0.000000 0.000000 0.000000 0.000000 0.000000 0.000000 0.000000 0.000000 0.000000 0.000000 0.000000 0.000000 0.000000
